---
version:
  config: 1470325295
  puppet: 4.2.3
resources:
  changed: 0
  failed: 4
  failed_to_restart: 0
  out_of_sync: 0
  restarted: 0
  scheduled: 0
  skipped: 0
  total: 2349
time:
  config_retrieval: 5.222592
  exec: 12.282347999999999
  file: 3.0634099999999926
  filebucket: 0.0
  package: 0.00199
  pe_anchor: 0.0
  registry_key: 0.000999
  registry_value: 0.0030080000000000003
  schedule: 0.000971
  scheduled_task: 0.007999
  service: 0.001002
  total: 20.58431899999999
  last_run: 1470325339
changes:
  total: 0
events:
  failure: 0
  success: 0
  total: 0
