---
version:
  config: 1470754649
  puppet: 4.2.3
resources:
  changed: 0
  failed: 0
  failed_to_restart: 0
  out_of_sync: 0
  restarted: 0
  scheduled: 0
  skipped: 30
  total: 2130
time:
  config_retrieval: 4.016207
  exec: 8.196684000000001
  file: 3.1506010000000004
  filebucket: 0.0
  package: 1.890641
  pe_anchor: 0.0
  registry_key: 0.0
  registry_value: 0.015612
  schedule: 0.0
  scheduled_task: 0.015663
  service: 0.0
  total: 17.285408000000004
  last_run: 1470754688
changes:
  total: 0
events:
  failure: 0
  success: 0
  total: 0
